192.168.1.35
---------------------
Loading proxy
---------------------
[INFO ] Starting ALNetwork
[INFO ] NAOqi is listening on 127.0.0.1:54010
---------------------
Starting ALMotion Tests
---------------------
[6.687361775448153e-10, -0.0065550124272704124, 0.0, 0.0, 0.0, 0.006554981227964163]
[6.687361775448153e-10, -0.0065550124272704124, 0.0, 0.0, 0.0, 0.006554981227964163]
[6.687361775448153e-10, -0.0065550124272704124, 0.0, 0.0, 0.0, 0.006554981227964163]
[6.687361775448153e-10, -0.0065550124272704124, 0.0, 0.0, 0.0, 0.006554981227964163]
[6.687361775448153e-10, -0.0065550124272704124, 0.0, 0.0, 0.0, 0.006554981227964163]
[6.687361775448153e-10, -0.0065550124272704124, 0.0, 0.0, 0.0, 0.006554981227964163]
[6.687361775448153e-10, -0.0065550124272704124, 0.0, 0.0, 0.0, 0.006554981227964163]
[6.687361775448153e-10, -0.0065550124272704124, 0.0, 0.0, 0.0, 0.006554981227964163]
[6.687361775448153e-10, -0.0065550124272704124, 0.0, 0.0, 0.0, 0.006554981227964163]
[6.687361775448153e-10, -0.0065550124272704124, 0.0, 0.0, 0.0, 0.006554981227964163]
[6.687361775448153e-10, -0.0065550124272704124, 0.0, 0.0, 0.0, 0.006554981227964163]
[6.687361775448153e-10, -0.0065550124272704124, 0.0, 0.0, 0.0, 0.006554981227964163]
[6.687361775448153e-10, -0.0065550124272704124, 0.0, 0.0, 0.0, 0.006554981227964163]
[6.687361775448153e-10, -0.0065550124272704124, 0.0, 0.0, 0.0, 0.006554981227964163]
[6.687361775448153e-10, -0.0065550124272704124, 0.0, 0.0, 0.0, 0.006554981227964163]
[6.687361775448153e-10, -0.0065550124272704124, 0.0, 0.0, 0.0, 0.006554981227964163]
[6.687361775448153e-10, -0.0065550124272704124, 0.0, 0.0, 0.0, 0.006554981227964163]
[6.687361775448153e-10, -0.0065550124272704124, 0.0, 0.0, 0.0, 0.006554981227964163]
[6.687361775448153e-10, -0.0065550124272704124, 0.0, 0.0, 0.0, 0.006554981227964163]
[6.687361775448153e-10, -0.0065550124272704124, 0.0, 0.0, 0.0, 0.006554981227964163]
[6.687361775448153e-10, -0.0065550124272704124, 0.0, 0.0, 0.0, 0.006554981227964163]
[6.687361775448153e-10, -0.0065550124272704124, 0.0, 0.0, 0.0, 0.006554981227964163]
[6.687361775448153e-10, -0.0065550124272704124, 0.0, 0.0, 0.0, 0.006554981227964163]
[6.687361775448153e-10, -0.0065550124272704124, 0.0, 0.0, 0.0, 0.006554981227964163]
[6.687361775448153e-10, -0.0065550124272704124, 0.0, 0.0, 0.0, 0.006554981227964163]
[6.687361775448153e-10, -0.0065550124272704124, 0.0, 0.0, 0.0, 0.006554981227964163]
[6.687361775448153e-10, -0.0065550124272704124, 0.0, 0.0, 0.0, 0.006554981227964163]
[6.687361775448153e-10, -0.0065550124272704124, 0.0, 0.0, 0.0, 0.006554981227964163]
[6.687361775448153e-10, -0.0065550124272704124, 0.0, 0.0, 0.0, 0.006554981227964163]
[6.687361775448153e-10, -0.0065550124272704124, 0.0, 0.0, 0.0, 0.006554981227964163]
[6.687361775448153e-10, -0.0065550124272704124, 0.0, 0.0, 0.0, 0.006554981227964163]
[6.687361775448153e-10, -0.0065550124272704124, 0.0, 0.0, 0.0, 0.006554981227964163]
[6.687361775448153e-10, -0.0065550124272704124, 0.0, 0.0, 0.0, 0.006554981227964163]
[6.687361775448153e-10, -0.0065550124272704124, 0.0, 0.0, 0.0, 0.006554981227964163]
[6.687361775448153e-10, -0.0065550124272704124, 0.0, 0.0, 0.0, 0.006554981227964163]
[6.687361775448153e-10, -0.0065550124272704124, 0.0, 0.0, 0.0, 0.006554981227964163]
[6.687361775448153e-10, -0.0065550124272704124, 0.0, 0.0, 0.0, 0.006554981227964163]
[6.687361775448153e-10, -0.0065550124272704124, 0.0, 0.0, 0.0, 0.006554981227964163]
[6.687361775448153e-10, -0.0065550124272704124, 0.0, 0.0, 0.0, 0.006554981227964163]
[6.687361775448153e-10, -0.0065550124272704124, 0.0, 0.0, 0.0, 0.006554981227964163]
[6.687361775448153e-10, -0.0065550124272704124, 0.0, 0.0, 0.0, 0.006554981227964163]
[6.687361775448153e-10, -0.0065550124272704124, 0.0, 0.0, 0.0, 0.006554981227964163]
[6.687361775448153e-10, -0.0065550124272704124, 0.0, 0.0, 0.0, 0.006554981227964163]
[6.687361775448153e-10, -0.0065550124272704124, 0.0, 0.0, 0.0, 0.006554981227964163]
[6.687361775448153e-10, -0.0065550124272704124, 0.0, 0.0, 0.0, 0.006554981227964163]
[6.687361775448153e-10, -0.0065550124272704124, 0.0, 0.0, 0.0, 0.006554981227964163]
[6.687361775448153e-10, -0.0065550124272704124, 0.0, 0.0, 0.0, 0.006554981227964163]
[6.687361775448153e-10, -0.0065550124272704124, 0.0, 0.0, 0.0, 0.006554981227964163]
[6.687361775448153e-10, -0.0065550124272704124, 0.0, 0.0, 0.0, 0.006554981227964163]
[6.687361775448153e-10, -0.0065550124272704124, 0.0, 0.0, 0.0, 0.006554981227964163]
[6.687361775448153e-10, -0.0065550124272704124, 0.0, 0.0, 0.0, 0.006554981227964163]
[6.687361775448153e-10, -0.0065550124272704124, 0.0, 0.0, 0.0, 0.006554981227964163]
[6.687361775448153e-10, -0.0065550124272704124, 0.0, 0.0, 0.0, 0.006554981227964163]
[6.687361775448153e-10, -0.0065550124272704124, 0.0, 0.0, 0.0, 0.006554981227964163]
[6.687361775448153e-10, -0.0065550124272704124, 0.0, 0.0, 0.0, 0.006554981227964163]
[6.687361775448153e-10, -0.0065550124272704124, 0.0, 0.0, 0.0, 0.006554981227964163]
[6.687361775448153e-10, -0.0065550124272704124, 0.0, 0.0, 0.0, 0.006554981227964163]
[6.687361775448153e-10, -0.0065550124272704124, 0.0, 0.0, 0.0, 0.006554981227964163]
[6.687361775448153e-10, -0.0065550124272704124, 0.0, 0.0, 0.0, 0.006554981227964163]
[6.687361775448153e-10, -0.0065550124272704124, 0.0, 0.0, 0.0, 0.006554981227964163]
[6.687361775448153e-10, -0.0065550124272704124, 0.0, 0.0, 0.0, 0.006554981227964163]
[6.687361775448153e-10, -0.0065550124272704124, 0.0, 0.0, 0.0, 0.006554981227964163]
[6.687361775448153e-10, -0.0065550124272704124, 0.0, 0.0, 0.0, 0.006554981227964163]
[6.687361775448153e-10, -0.0065550124272704124, 0.0, 0.0, 0.0, 0.006554981227964163]
[6.687361775448153e-10, -0.0065550124272704124, 0.0, 0.0, 0.0, 0.006554981227964163]
[6.687361775448153e-10, -0.0065550124272704124, 0.0, 0.0, 0.0, 0.006554981227964163]
[6.687361775448153e-10, -0.0065550124272704124, 0.0, 0.0, 0.0, 0.006554981227964163]
[6.687361775448153e-10, -0.0065550124272704124, 0.0, 0.0, 0.0, 0.006554981227964163]
[6.687361775448153e-10, -0.0065550124272704124, 0.0, 0.0, 0.0, 0.006554981227964163]
[6.687361775448153e-10, -0.0065550124272704124, 0.0, 0.0, 0.0, 0.006554981227964163]
[6.687361775448153e-10, -0.0065550124272704124, 0.0, 0.0, 0.0, 0.006554981227964163]
[6.687361775448153e-10, -0.0065550124272704124, 0.0, 0.0, 0.0, 0.006554981227964163]
[6.687361775448153e-10, -0.0065550124272704124, 0.0, 0.0, 0.0, 0.006554981227964163]
[6.687361775448153e-10, -0.0065550124272704124, 0.0, 0.0, 0.0, 0.006554981227964163]
[6.687361775448153e-10, -0.0065550124272704124, 0.0, 0.0, 0.0, 0.006554981227964163]
[6.687361775448153e-10, -0.0065550124272704124, 0.0, 0.0, 0.0, 0.006554981227964163]
[6.687361775448153e-10, -0.0065550124272704124, 0.0, 0.0, 0.0, 0.006554981227964163]
[6.687361775448153e-10, -0.0065550124272704124, 0.0, 0.0, 0.0, 0.006554981227964163]
[6.687361775448153e-10, -0.0065550124272704124, 0.0, 0.0, 0.0, 0.006554981227964163]
[6.687361775448153e-10, -0.0065550124272704124, 0.0, 0.0, 0.0, 0.006554981227964163]
[6.687361775448153e-10, -0.0065550124272704124, 0.0, 0.0, 0.0, 0.006554981227964163]
[6.687361775448153e-10, -0.0065550124272704124, 0.0, 0.0, 0.0, 0.006554981227964163]
[6.687361775448153e-10, -0.0065550124272704124, 0.0, 0.0, 0.0, 0.006554981227964163]
[6.687361775448153e-10, -0.0065550124272704124, 0.0, 0.0, 0.0, 0.006554981227964163]
[6.687361775448153e-10, -0.0065550124272704124, 0.0, 0.0, 0.0, 0.006554981227964163]
[6.687361775448153e-10, -0.0065550124272704124, 0.0, 0.0, 0.0, 0.006554981227964163]
[6.687361775448153e-10, -0.0065550124272704124, 0.0, 0.0, 0.0, 0.006554981227964163]
[6.687361775448153e-10, -0.0065550124272704124, 0.0, 0.0, 0.0, 0.006554981227964163]
[6.687361775448153e-10, -0.0065550124272704124, 0.0, 0.0, 0.0, 0.006554981227964163]
[6.687361775448153e-10, -0.0065550124272704124, 0.0, 0.0, 0.0, 0.006554981227964163]
[6.687361775448153e-10, -0.0065550124272704124, 0.0, 0.0, 0.0, 0.006554981227964163]
[6.687361775448153e-10, -0.0065550124272704124, 0.0, 0.0, 0.0, 0.006554981227964163]
[6.687361775448153e-10, -0.0065550124272704124, 0.0, 0.0, 0.0, 0.006554981227964163]
[6.687361775448153e-10, -0.0065550124272704124, 0.0, 0.0, 0.0, 0.006554981227964163]
[6.687361775448153e-10, -0.0065550124272704124, 0.0, 0.0, 0.0, 0.006554981227964163]
[6.687361775448153e-10, -0.0065550124272704124, 0.0, 0.0, 0.0, 0.006554981227964163]
[6.687361775448153e-10, -0.0065550124272704124, 0.0, 0.0, 0.0, 0.006554981227964163]
[6.687361775448153e-10, -0.0065550124272704124, 0.0, 0.0, 0.0, 0.006554981227964163]
[6.687361775448153e-10, -0.0065550124272704124, 0.0, 0.0, 0.0, 0.006554981227964163]
[6.687361775448153e-10, -0.0065550124272704124, 0.0, 0.0, 0.0, 0.006554981227964163]
[6.687361775448153e-10, -0.0065550124272704124, 0.0, 0.0, 0.0, 0.006554981227964163]
[6.687361775448153e-10, -0.0065550124272704124, 0.0, 0.0, 0.0, 0.006554981227964163]
[6.687361775448153e-10, -0.0065550124272704124, 0.0, 0.0, 0.0, 0.006554981227964163]
[6.687361775448153e-10, -0.0065550124272704124, 0.0, 0.0, 0.0, 0.006554981227964163]
[6.687361775448153e-10, -0.0065550124272704124, 0.0, 0.0, 0.0, 0.006554981227964163]
[6.687361775448153e-10, -0.0065550124272704124, 0.0, 0.0, 0.0, 0.006554981227964163]
[6.687361775448153e-10, -0.0065550124272704124, 0.0, 0.0, 0.0, 0.006554981227964163]
[6.687361775448153e-10, -0.0065550124272704124, 0.0, 0.0, 0.0, 0.006554981227964163]
[6.687361775448153e-10, -0.0065550124272704124, 0.0, 0.0, 0.0, 0.006554981227964163]
[6.687361775448153e-10, -0.0065550124272704124, 0.0, 0.0, 0.0, 0.006554981227964163]
[6.687361775448153e-10, -0.0065550124272704124, 0.0, 0.0, 0.0, 0.006554981227964163]
[6.687361775448153e-10, -0.0065550124272704124, 0.0, 0.0, 0.0, 0.006554981227964163]
[6.687361775448153e-10, -0.0065550124272704124, 0.0, 0.0, 0.0, 0.006554981227964163]
[6.687361775448153e-10, -0.0065550124272704124, 0.0, 0.0, 0.0, 0.006554981227964163]
[6.687361775448153e-10, -0.0065550124272704124, 0.0, 0.0, 0.0, 0.006554981227964163]
[6.687361775448153e-10, -0.0065550124272704124, 0.0, 0.0, 0.0, 0.006554981227964163]
[6.687361775448153e-10, -0.0065550124272704124, 0.0, 0.0, 0.0, 0.006554981227964163]
[6.687361775448153e-10, -0.0065550124272704124, 0.0, 0.0, 0.0, 0.006554981227964163]
[6.687361775448153e-10, -0.0065550124272704124, 0.0, 0.0, 0.0, 0.006554981227964163]
[6.687361775448153e-10, -0.0065550124272704124, 0.0, 0.0, 0.0, 0.006554981227964163]
[6.687361775448153e-10, -0.0065550124272704124, 0.0, 0.0, 0.0, 0.006554981227964163]
[6.687361775448153e-10, -0.0065550124272704124, 0.0, 0.0, 0.0, 0.006554981227964163]
[6.687361775448153e-10, -0.0065550124272704124, 0.0, 0.0, 0.0, 0.006554981227964163]
[6.687361775448153e-10, -0.0065550124272704124, 0.0, 0.0, 0.0, 0.006554981227964163]
[6.687361775448153e-10, -0.0065550124272704124, 0.0, 0.0, 0.0, 0.006554981227964163]
[6.687361775448153e-10, -0.0065550124272704124, 0.0, 0.0, 0.0, 0.006554981227964163]
[6.687361775448153e-10, -0.0065550124272704124, 0.0, 0.0, 0.0, 0.006554981227964163]
[6.687361775448153e-10, -0.0065550124272704124, 0.0, 0.0, 0.0, 0.006554981227964163]
[6.687361775448153e-10, -0.0065550124272704124, 0.0, 0.0, 0.0, 0.006554981227964163]
[6.687361775448153e-10, -0.0065550124272704124, 0.0, 0.0, 0.0, 0.006554981227964163]
[6.687361775448153e-10, -0.0065550124272704124, 0.0, 0.0, 0.0, 0.006554981227964163]
[6.687361775448153e-10, -0.0065550124272704124, 0.0, 0.0, 0.0, 0.006554981227964163]
[6.687361775448153e-10, -0.0065550124272704124, 0.0, 0.0, 0.0, 0.006554981227964163]
[6.687361775448153e-10, -0.0065550124272704124, 0.0, 0.0, 0.0, 0.006554981227964163]
[6.687361775448153e-10, -0.0065550124272704124, 0.0, 0.0, 0.0, 0.006554981227964163]
[6.687361775448153e-10, -0.0065550124272704124, 0.0, 0.0, 0.0, 0.006554981227964163]
[6.687361775448153e-10, -0.0065550124272704124, 0.0, 0.0, 0.0, 0.006554981227964163]
[6.687361775448153e-10, -0.0065550124272704124, 0.0, 0.0, 0.0, 0.006554981227964163]
[6.687361775448153e-10, -0.0065550124272704124, 0.0, 0.0, 0.0, 0.006554981227964163]
[6.687361775448153e-10, -0.0065550124272704124, 0.0, 0.0, 0.0, 0.006554981227964163]
[6.687361775448153e-10, -0.0065550124272704124, 0.0, 0.0, 0.0, 0.006554981227964163]
[6.687361775448153e-10, -0.0065550124272704124, 0.0, 0.0, 0.0, 0.006554981227964163]
[6.687361775448153e-10, -0.0065550124272704124, 0.0, 0.0, 0.0, 0.006554981227964163]
[6.687361775448153e-10, -0.0065550124272704124, 0.0, 0.0, 0.0, 0.006554981227964163]
[6.687361775448153e-10, -0.0065550124272704124, 0.0, 0.0, 0.0, 0.006554981227964163]
[6.687361775448153e-10, -0.0065550124272704124, 0.0, 0.0, 0.0, 0.006554981227964163]
[6.687361775448153e-10, -0.0065550124272704124, 0.0, 0.0, 0.0, 0.006554981227964163]
[6.687361775448153e-10, -0.0065550124272704124, 0.0, 0.0, 0.0, 0.006554981227964163]
[6.687361775448153e-10, -0.0065550124272704124, 0.0, 0.0, 0.0, 0.006554981227964163]
[6.687361775448153e-10, -0.0065550124272704124, 0.0, 0.0, 0.0, 0.006554981227964163]
[6.687361775448153e-10, -0.0065550124272704124, 0.0, 0.0, 0.0, 0.006554981227964163]
[6.687361775448153e-10, -0.0065550124272704124, 0.0, 0.0, 0.0, 0.006554981227964163]
[6.687361775448153e-10, -0.0065550124272704124, 0.0, 0.0, 0.0, 0.006554981227964163]
[6.687361775448153e-10, -0.0065550124272704124, 0.0, 0.0, 0.0, 0.006554981227964163]
[6.687361775448153e-10, -0.0065550124272704124, 0.0, 0.0, 0.0, 0.006554981227964163]
[6.687361775448153e-10, -0.0065550124272704124, 0.0, 0.0, 0.0, 0.006554981227964163]
[6.687361775448153e-10, -0.0065550124272704124, 0.0, 0.0, 0.0, 0.006554981227964163]
[6.687361775448153e-10, -0.0065550124272704124, 0.0, 0.0, 0.0, 0.006554981227964163]
[6.687361775448153e-10, -0.0065550124272704124, 0.0, 0.0, 0.0, 0.006554981227964163]
[6.687361775448153e-10, -0.0065550124272704124, 0.0, 0.0, 0.0, 0.006554981227964163]
[6.687361775448153e-10, -0.0065550124272704124, 0.0, 0.0, 0.0, 0.006554981227964163]
[6.687361775448153e-10, -0.0065550124272704124, 0.0, 0.0, 0.0, 0.006554981227964163]
[6.687361775448153e-10, -0.0065550124272704124, 0.0, 0.0, 0.0, 0.006554981227964163]
[6.687361775448153e-10, -0.0065550124272704124, 0.0, 0.0, 0.0, 0.006554981227964163]
[6.687361775448153e-10, -0.0065550124272704124, 0.0, 0.0, 0.0, 0.006554981227964163]
[6.687361775448153e-10, -0.0065550124272704124, 0.0, 0.0, 0.0, 0.006554981227964163]
[6.687361775448153e-10, -0.0065550124272704124, 0.0, 0.0, 0.0, 0.006554981227964163]
[6.687361775448153e-10, -0.0065550124272704124, 0.0, 0.0, 0.0, 0.006554981227964163]
[6.687361775448153e-10, -0.0065550124272704124, 0.0, 0.0, 0.0, 0.006554981227964163]
[6.687361775448153e-10, -0.0065550124272704124, 0.0, 0.0, 0.0, 0.006554981227964163]
[6.687361775448153e-10, -0.0065550124272704124, 0.0, 0.0, 0.0, 0.006554981227964163]
[6.687361775448153e-10, -0.0065550124272704124, 0.0, 0.0, 0.0, 0.006554981227964163]
[6.687361775448153e-10, -0.0065550124272704124, 0.0, 0.0, 0.0, 0.006554981227964163]
[6.687361775448153e-10, -0.0065550124272704124, 0.0, 0.0, 0.0, 0.006554981227964163]
[6.687361775448153e-10, -0.0065550124272704124, 0.0, 0.0, 0.0, 0.006554981227964163]
[6.687361775448153e-10, -0.0065550124272704124, 0.0, 0.0, 0.0, 0.006554981227964163]
[6.687361775448153e-10, -0.0065550124272704124, 0.0, 0.0, 0.0, 0.006554981227964163]
[6.687361775448153e-10, -0.0065550124272704124, 0.0, 0.0, 0.0, 0.006554981227964163]
[6.687361775448153e-10, -0.0065550124272704124, 0.0, 0.0, 0.0, 0.006554981227964163]
[6.687361775448153e-10, -0.0065550124272704124, 0.0, 0.0, 0.0, 0.006554981227964163]
[6.687361775448153e-10, -0.0065550124272704124, 0.0, 0.0, 0.0, 0.006554981227964163]
[6.687361775448153e-10, -0.0065550124272704124, 0.0, 0.0, 0.0, 0.006554981227964163]
[6.687361775448153e-10, -0.0065550124272704124, 0.0, 0.0, 0.0, 0.006554981227964163]
[6.687361775448153e-10, -0.0065550124272704124, 0.0, 0.0, 0.0, 0.006554981227964163]
[6.687361775448153e-10, -0.0065550124272704124, 0.0, 0.0, 0.0, 0.006554981227964163]
[6.687361775448153e-10, -0.0065550124272704124, 0.0, 0.0, 0.0, 0.006554981227964163]
[6.687361775448153e-10, -0.0065550124272704124, 0.0, 0.0, 0.0, 0.006554981227964163]
[6.687361775448153e-10, -0.0065550124272704124, 0.0, 0.0, 0.0, 0.006554981227964163]
[6.687361775448153e-10, -0.0065550124272704124, 0.0, 0.0, 0.0, 0.006554981227964163]
[6.687361775448153e-10, -0.0065550124272704124, 0.0, 0.0, 0.0, 0.006554981227964163]
[6.687361775448153e-10, -0.0065550124272704124, 0.0, 0.0, 0.0, 0.006554981227964163]
[6.687361775448153e-10, -0.0065550124272704124, 0.0, 0.0, 0.0, 0.006554981227964163]
[6.687361775448153e-10, -0.0065550124272704124, 0.0, 0.0, 0.0, 0.006554981227964163]
[6.687361775448153e-10, -0.0065550124272704124, 0.0, 0.0, 0.0, 0.006554981227964163]
[6.687361775448153e-10, -0.0065550124272704124, 0.0, 0.0, 0.0, 0.006554981227964163]
[6.687361775448153e-10, -0.0065550124272704124, 0.0, 0.0, 0.0, 0.006554981227964163]
[6.687361775448153e-10, -0.0065550124272704124, 0.0, 0.0, 0.0, 0.006554981227964163]
[6.687361775448153e-10, -0.0065550124272704124, 0.0, 0.0, 0.0, 0.006554981227964163]
[6.687361775448153e-10, -0.0065550124272704124, 0.0, 0.0, 0.0, 0.006554981227964163]
[6.687361775448153e-10, -0.0065550124272704124, 0.0, 0.0, 0.0, 0.006554981227964163]
[6.687361775448153e-10, -0.0065550124272704124, 0.0, 0.0, 0.0, 0.006554981227964163]
[6.687361775448153e-10, -0.0065550124272704124, 0.0, 0.0, 0.0, 0.006554981227964163]
[6.687361775448153e-10, -0.0065550124272704124, 0.0, 0.0, 0.0, 0.006554981227964163]
[6.687361775448153e-10, -0.0065550124272704124, 0.0, 0.0, 0.0, 0.006554981227964163]
[6.687361775448153e-10, -0.0065550124272704124, 0.0, 0.0, 0.0, 0.006554981227964163]
[6.687361775448153e-10, -0.0065550124272704124, 0.0, 0.0, 0.0, 0.006554981227964163]
[6.687361775448153e-10, -0.0065550124272704124, 0.0, 0.0, 0.0, 0.006554981227964163]
[6.687361775448153e-10, -0.0065550124272704124, 0.0, 0.0, 0.0, 0.006554981227964163]
[6.687361775448153e-10, -0.0065550124272704124, 0.0, 0.0, 0.0, 0.006554981227964163]
[6.687361775448153e-10, -0.0065550124272704124, 0.0, 0.0, 0.0, 0.006554981227964163]
[6.687361775448153e-10, -0.0065550124272704124, 0.0, 0.0, 0.0, 0.006554981227964163]
[6.687361775448153e-10, -0.0065550124272704124, 0.0, 0.0, 0.0, 0.006554981227964163]
[6.687361775448153e-10, -0.0065550124272704124, 0.0, 0.0, 0.0, 0.006554981227964163]
[6.687361775448153e-10, -0.0065550124272704124, 0.0, 0.0, 0.0, 0.006554981227964163]
[6.687361775448153e-10, -0.0065550124272704124, 0.0, 0.0, 0.0, 0.006554981227964163]
[6.687361775448153e-10, -0.0065550124272704124, 0.0, 0.0, 0.0, 0.006554981227964163]
[6.687361775448153e-10, -0.0065550124272704124, 0.0, 0.0, 0.0, 0.006554981227964163]
[6.687361775448153e-10, -0.0065550124272704124, 0.0, 0.0, 0.0, 0.006554981227964163]
[6.687361775448153e-10, -0.0065550124272704124, 0.0, 0.0, 0.0, 0.006554981227964163]
[6.687361775448153e-10, -0.0065550124272704124, 0.0, 0.0, 0.0, 0.006554981227964163]
[6.687361775448153e-10, -0.0065550124272704124, 0.0, 0.0, 0.0, 0.006554981227964163]
[6.687361775448153e-10, -0.0065550124272704124, 0.0, 0.0, 0.0, 0.006554981227964163]
[6.687361775448153e-10, -0.0065550124272704124, 0.0, 0.0, 0.0, 0.006554981227964163]
[6.687361775448153e-10, -0.0065550124272704124, 0.0, 0.0, 0.0, 0.006554981227964163]
[6.687361775448153e-10, -0.0065550124272704124, 0.0, 0.0, 0.0, 0.006554981227964163]
[6.687361775448153e-10, -0.0065550124272704124, 0.0, 0.0, 0.0, 0.006554981227964163]
[6.687361775448153e-10, -0.0065550124272704124, 0.0, 0.0, 0.0, 0.006554981227964163]
[6.687361775448153e-10, -0.0065550124272704124, 0.0, 0.0, 0.0, 0.006554981227964163]
[6.687361775448153e-10, -0.0065550124272704124, 0.0, 0.0, 0.0, 0.006554981227964163]
[6.687361775448153e-10, -0.0065550124272704124, 0.0, 0.0, 0.0, 0.006554981227964163]
[6.687361775448153e-10, -0.0065550124272704124, 0.0, 0.0, 0.0, 0.006554981227964163]
[6.687361775448153e-10, -0.0065550124272704124, 0.0, 0.0, 0.0, 0.006554981227964163]
[6.687361775448153e-10, -0.0065550124272704124, 0.0, 0.0, 0.0, 0.006554981227964163]
[6.687361775448153e-10, -0.0065550124272704124, 0.0, 0.0, 0.0, 0.006554981227964163]
[6.687361775448153e-10, -0.0065550124272704124, 0.0, 0.0, 0.0, 0.006554981227964163]
[6.687361775448153e-10, -0.0065550124272704124, 0.0, 0.0, 0.0, 0.006554981227964163]
[6.687361775448153e-10, -0.0065550124272704124, 0.0, 0.0, 0.0, 0.006554981227964163]
[6.687361775448153e-10, -0.0065550124272704124, 0.0, 0.0, 0.0, 0.006554981227964163]
[6.687361775448153e-10, -0.0065550124272704124, 0.0, 0.0, 0.0, 0.006554981227964163]
[6.687361775448153e-10, -0.0065550124272704124, 0.0, 0.0, 0.0, 0.006554981227964163]
[6.687361775448153e-10, -0.0065550124272704124, 0.0, 0.0, 0.0, 0.006554981227964163]
[6.687361775448153e-10, -0.0065550124272704124, 0.0, 0.0, 0.0, 0.006554981227964163]
[6.687361775448153e-10, -0.0065550124272704124, 0.0, 0.0, 0.0, 0.006554981227964163]
[6.687361775448153e-10, -0.0065550124272704124, 0.0, 0.0, 0.0, 0.006554981227964163]
[6.687361775448153e-10, -0.0065550124272704124, 0.0, 0.0, 0.0, 0.006554981227964163]
[6.687361775448153e-10, -0.0065550124272704124, 0.0, 0.0, 0.0, 0.006554981227964163]
[6.687361775448153e-10, -0.0065550124272704124, 0.0, 0.0, 0.0, 0.006554981227964163]
[6.687361775448153e-10, -0.0065550124272704124, 0.0, 0.0, 0.0, 0.006554981227964163]
[6.687361775448153e-10, -0.0065550124272704124, 0.0, 0.0, 0.0, 0.006554981227964163]
[6.687361775448153e-10, -0.0065550124272704124, 0.0, 0.0, 0.0, 0.006554981227964163]
[6.687361775448153e-10, -0.0065550124272704124, 0.0, 0.0, 0.0, 0.006554981227964163]
[6.687361775448153e-10, -0.0065550124272704124, 0.0, 0.0, 0.0, 0.006554981227964163]
[6.687361775448153e-10, -0.0065550124272704124, 0.0, 0.0, 0.0, 0.006554981227964163]
[6.687361775448153e-10, -0.0065550124272704124, 0.0, 0.0, 0.0, 0.006554981227964163]
[6.687361775448153e-10, -0.0065550124272704124, 0.0, 0.0, 0.0, 0.006554981227964163]
[6.687361775448153e-10, -0.0065550124272704124, 0.0, 0.0, 0.0, 0.006554981227964163]
[6.687361775448153e-10, -0.0065550124272704124, 0.0, 0.0, 0.0, 0.006554981227964163]
[6.687361775448153e-10, -0.0065550124272704124, 0.0, 0.0, 0.0, 0.006554981227964163]
[6.687361775448153e-10, -0.0065550124272704124, 0.0, 0.0, 0.0, 0.006554981227964163]
[6.687361775448153e-10, -0.0065550124272704124, 0.0, 0.0, 0.0, 0.006554981227964163]
[6.687361775448153e-10, -0.0065550124272704124, 0.0, 0.0, 0.0, 0.006554981227964163]
[6.687361775448153e-10, -0.0065550124272704124, 0.0, 0.0, 0.0, 0.006554981227964163]
[6.687361775448153e-10, -0.0065550124272704124, 0.0, 0.0, 0.0, 0.006554981227964163]
[6.687361775448153e-10, -0.0065550124272704124, 0.0, 0.0, 0.0, 0.006554981227964163]
[6.687361775448153e-10, -0.0065550124272704124, 0.0, 0.0, 0.0, 0.006554981227964163]
[6.687361775448153e-10, -0.0065550124272704124, 0.0, 0.0, 0.0, 0.006554981227964163]
[6.687361775448153e-10, -0.0065550124272704124, 0.0, 0.0, 0.0, 0.006554981227964163]
[6.687361775448153e-10, -0.0065550124272704124, 0.0, 0.0, 0.0, 0.006554981227964163]
[6.687361775448153e-10, -0.0065550124272704124, 0.0, 0.0, 0.0, 0.006554981227964163]
[6.687361775448153e-10, -0.0065550124272704124, 0.0, 0.0, 0.0, 0.006554981227964163]
[6.687361775448153e-10, -0.0065550124272704124, 0.0, 0.0, 0.0, 0.006554981227964163]
[6.687361775448153e-10, -0.0065550124272704124, 0.0, 0.0, 0.0, 0.006554981227964163]
[6.687361775448153e-10, -0.0065550124272704124, 0.0, 0.0, 0.0, 0.006554981227964163]
[6.687361775448153e-10, -0.0065550124272704124, 0.0, 0.0, 0.0, 0.006554981227964163]
[6.687361775448153e-10, -0.0065550124272704124, 0.0, 0.0, 0.0, 0.006554981227964163]
[6.687361775448153e-10, -0.0065550124272704124, 0.0, 0.0, 0.0, 0.006554981227964163]
[6.687361775448153e-10, -0.0065550124272704124, 0.0, 0.0, 0.0, 0.006554981227964163]
[6.687361775448153e-10, -0.0065550124272704124, 0.0, 0.0, 0.0, 0.006554981227964163]
[6.687361775448153e-10, -0.0065550124272704124, 0.0, 0.0, 0.0, 0.006554981227964163]
[6.687361775448153e-10, -0.0065550124272704124, 0.0, 0.0, 0.0, 0.006554981227964163]
[6.687361775448153e-10, -0.0065550124272704124, 0.0, 0.0, 0.0, 0.006554981227964163]
[6.687361775448153e-10, -0.0065550124272704124, 0.0, 0.0, 0.0, 0.006554981227964163]
[6.687361775448153e-10, -0.0065550124272704124, 0.0, 0.0, 0.0, 0.006554981227964163]
[6.687361775448153e-10, -0.0065550124272704124, 0.0, 0.0, 0.0, 0.006554981227964163]
[6.687361775448153e-10, -0.0065550124272704124, 0.0, 0.0, 0.0, 0.006554981227964163]
[6.687361775448153e-10, -0.0065550124272704124, 0.0, 0.0, 0.0, 0.006554981227964163]
[6.687361775448153e-10, -0.0065550124272704124, 0.0, 0.0, 0.0, 0.006554981227964163]
[6.687361775448153e-10, -0.0065550124272704124, 0.0, 0.0, 0.0, 0.006554981227964163]
[6.687361775448153e-10, -0.0065550124272704124, 0.0, 0.0, 0.0, 0.006554981227964163]
[6.687361775448153e-10, -0.0065550124272704124, 0.0, 0.0, 0.0, 0.006554981227964163]
[6.687361775448153e-10, -0.0065550124272704124, 0.0, 0.0, 0.0, 0.006554981227964163]
[6.687361775448153e-10, -0.0065550124272704124, 0.0, 0.0, 0.0, 0.006554981227964163]
[6.687361775448153e-10, -0.0065550124272704124, 0.0, 0.0, 0.0, 0.006554981227964163]
[6.687361775448153e-10, -0.0065550124272704124, 0.0, 0.0, 0.0, 0.006554981227964163]
[6.687361775448153e-10, -0.0065550124272704124, 0.0, 0.0, 0.0, 0.006554981227964163]
[6.687361775448153e-10, -0.0065550124272704124, 0.0, 0.0, 0.0, 0.006554981227964163]
[6.687361775448153e-10, -0.0065550124272704124, 0.0, 0.0, 0.0, 0.006554981227964163]
[6.687361775448153e-10, -0.0065550124272704124, 0.0, 0.0, 0.0, 0.006554981227964163]
[6.687361775448153e-10, -0.0065550124272704124, 0.0, 0.0, 0.0, 0.006554981227964163]
[6.687361775448153e-10, -0.0065550124272704124, 0.0, 0.0, 0.0, 0.006554981227964163]
[6.687361775448153e-10, -0.0065550124272704124, 0.0, 0.0, 0.0, 0.006554981227964163]
[6.687361775448153e-10, -0.0065550124272704124, 0.0, 0.0, 0.0, 0.006554981227964163]
[6.687361775448153e-10, -0.0065550124272704124, 0.0, 0.0, 0.0, 0.006554981227964163]
[6.687361775448153e-10, -0.0065550124272704124, 0.0, 0.0, 0.0, 0.006554981227964163]
[6.687361775448153e-10, -0.0065550124272704124, 0.0, 0.0, 0.0, 0.006554981227964163]
[6.687361775448153e-10, -0.0065550124272704124, 0.0, 0.0, 0.0, 0.006554981227964163]
[6.687361775448153e-10, -0.0065550124272704124, 0.0, 0.0, 0.0, 0.006554981227964163]
[6.687361775448153e-10, -0.0065550124272704124, 0.0, 0.0, 0.0, 0.006554981227964163]
[6.687361775448153e-10, -0.0065550124272704124, 0.0, 0.0, 0.0, 0.006554981227964163]
[6.687361775448153e-10, -0.0065550124272704124, 0.0, 0.0, 0.0, 0.006554981227964163]
[6.687361775448153e-10, -0.0065550124272704124, 0.0, 0.0, 0.0, 0.006554981227964163]
[6.687361775448153e-10, -0.0065550124272704124, 0.0, 0.0, 0.0, 0.006554981227964163]
[6.687361775448153e-10, -0.0065550124272704124, 0.0, 0.0, 0.0, 0.006554981227964163]
[6.687361775448153e-10, -0.0065550124272704124, 0.0, 0.0, 0.0, 0.006554981227964163]
[6.687361775448153e-10, -0.0065550124272704124, 0.0, 0.0, 0.0, 0.006554981227964163]
[6.687361775448153e-10, -0.0065550124272704124, 0.0, 0.0, 0.0, 0.006554981227964163]
[6.687361775448153e-10, -0.0065550124272704124, 0.0, 0.0, 0.0, 0.006554981227964163]
[6.687361775448153e-10, -0.0065550124272704124, 0.0, 0.0, 0.0, 0.006554981227964163]
[6.687361775448153e-10, -0.0065550124272704124, 0.0, 0.0, 0.0, 0.006554981227964163]
[6.687361775448153e-10, -0.0065550124272704124, 0.0, 0.0, 0.0, 0.006554981227964163]
[6.687361775448153e-10, -0.0065550124272704124, 0.0, 0.0, 0.0, 0.006554981227964163]
[6.687361775448153e-10, -0.0065550124272704124, 0.0, 0.0, 0.0, 0.006554981227964163]
[6.687361775448153e-10, -0.0065550124272704124, 0.0, 0.0, 0.0, 0.006554981227964163]
[6.687361775448153e-10, -0.0065550124272704124, 0.0, 0.0, 0.0, 0.006554981227964163]
[6.687361775448153e-10, -0.0065550124272704124, 0.0, 0.0, 0.0, 0.006554981227964163]
[6.687361775448153e-10, -0.0065550124272704124, 0.0, 0.0, 0.0, 0.006554981227964163]
[6.687361775448153e-10, -0.0065550124272704124, 0.0, 0.0, 0.0, 0.006554981227964163]
[6.687361775448153e-10, -0.0065550124272704124, 0.0, 0.0, 0.0, 0.006554981227964163]
[6.687361775448153e-10, -0.0065550124272704124, 0.0, 0.0, 0.0, 0.006554981227964163]
[6.687361775448153e-10, -0.0065550124272704124, 0.0, 0.0, 0.0, 0.006554981227964163]
[6.687361775448153e-10, -0.0065550124272704124, 0.0, 0.0, 0.0, 0.006554981227964163]
